1216
1217
1220
1227
1259
1268
1303
1307
1336
1339
1341
1410
1434
1452
1470
1503
1560
1568
1597
1714
1717
1730
1733
1760
1773
1783
1817
2012
2103
2107
2302
2303
2305
2308
2313
2327
2330
2364
2365
2373
2379
2387
2388
2393
2412
2417
2420
2421
2450
2468
2472
2493
2496
2504
2511
2514
2520
2603
2605
2607
2609
2613
2633
2637
2723
2729
2912
3016
3019
3035
3042
3050
3071
3118
3164
3169
3171
3218
3332
3374
3402
3416
3426
3438
3443
3455
3484
3491
3492
3526
3551
3583
3624
3652
3665
3679
3684
3687
3711
4111
4114
4129
4167
4173
4205
4417
4535
4536
4551
4560
4571
4576
4735
4755
4767
4906
4912
4935
4947
4952
4961
4974
4977
4987
5016
5212
5274
5283
5288
5306
5340
5347
5371
5381
5403
5434
5443
5457
5469
5493
5530
5903
6115
6126
6143
6147
6155
6174
6182
6183
6187
6197
6205
6206
6207
6215
6221
6257
6281
6412
6494
6508
6510
6525
6530
6556
6570
6664
6671
6715
6716
6727
6756
7402
8039
8046
8083
8091
8099
8103
8114
8131
8249
8279
8289
8341
8342
8354
8390
8401
8403
8416
8424
8435
8464
8923
8924
8926
8931
8941
9904
9907
9917
9921
9938
9943