1477
1598
2329
2419
2465
2524
2613
2637
2718
2724
3005
3006
3015
3022
3032
3036
3055
3093
3128
3213
3310
3324
3527
3558
3563
3564
3691
3701
3709
4536
4549
4739
4807
4915
4945
4971
4991
5011
5202
5276
5306
5388
5483
5536
6130
6138
6243
6270
6278
6285
6442
6449
6451
6462
6535
6550
6664
6683
6735
6742
6743
6789
6791
6806
6861
6928
8032
8040
8045
8047
8085
8110
8467
8942
2313
2349
2455
2492
3047
3349
3623
4909
5225
5355
5364
5488
5498
6114
6134
6441
6612
8086
8096
8277
6756
6470
8358
3694
3594
6224
6291
6456
6570
5244
2486
1476
3689
6166
6237
2351
8482
8054
6173
6649
2338
3581
6841
2636
1533
6426
4746
6191
6205
6477
7704
3205
4721
3025
3051
4722
6504
6643
2352
6838
8088
2345
6805
3081
6204
6982
8299
6901
6435
3653
4438
5291
6229
6668
8210
2049
3008
3376
6419
6174
4147
3363
6182
6218
3707
6667
6215
3167
2460
6576
1711
3059
3528
4563
6276
6492
2368
4542
3494
1569
3588
4912
1464
3673
6443
6532
2481
6219
2497
7402
4566
1453
1802
3540
3141
3290
4164
1582
3362
3466
4923
6245
6708
3715
1467
3284
3541
8431
6689
3380
2739
3686
6862
3178
1519
3447
2241
2258
2359
2444
4426
6188
6241
6526
2392
3430
2201
3078
5484
3413
2457
2615
3663
6203
6962
1514
6109
4442
6530
6919
2436
4303
6190
6257
3710
6142
8042
2605
4503
4749
3169
3441
8466
5425
8183
3088
6994
9910
1526
2362
3296
4562
2929
2301
8374
3450
6568
8996
3615
4702
6122
3479
5203
1591
3576
2425
3580
6125
1786
3030
4934
6271
2390
3289
8390
6202
6412
7734
2312
4534
4564
6423
6510
4561
1536
1725
1618
3680
6640
4543
6244
6556
3438
4935
4977
6152
8046
3189
4190
8261
1815
5530
6235
1310
3031
3543
4401
3455
4558
6269
2429
6517
3207
3073
3617
3708
4155
4510
4973
5439
6124
6207
8101
8442
2461
2719
4128
7631
8404
1473
2426
5314
6158
6859
5469
8426
3530
3257
3665
6558
4931
8070
1597
8068
8921
3666
4927
6213
6533
4555
4919
1515
1563
2324
2606
8933
5309
6116
1522
2328
2484
3138
3669
3693
6194
6425
6485
2250
4966
3294
3605
3557
2357
3011
3043
3346
2204
2365
4726
8027
3552
2374
6227
8147
3230
5236
6739
6965
3645
3706
6160
4741
5340
5465
6670
2248
5351
6156
2070
4533
9904
2472
3583
6197
6290
3379
4581
4907
8043
3312
1524
3265
3060
4770
3338
3504
1727
8105
1595
2528
3234
6431
8064
2388
5392
8455
2402
3354
4167
2464
3597
8291
6494
3105
6416
6265
5443
3515
6890
3038
8111
8383
7722
1336
3264
3443
4989
6792
6807
8034
8104
3013
3484
6546
8089
1475
6112
6209
3037
6139
6515
2363
3325
4413
2316
5263
3219
4584
4952
5490
8084
8103
3162
3712
2009
6217
8150
5457
5386
6658
2413
3071
3591
5243
8249
1609
4540
3163
3231
3303
3499
4188
4951
4979
6782
8121
3040
2609
9938
8059
6187
2236
6684
6695
6781
6916
8929
6698
6117
1570
3535
1785
2354
2353
6531
4760
6706
3625
8906
6877
2397
1340
3687
3017
3027
2449
2743
2061
2364
2421
3044
3306
5258
5907
6282
1307
3066
6284
6150
3498
6231
6275
4903
3511
6996
1784
2712
1540
1617
3016
2476
4908
1517
2415
3048
3094
3003
3221
4729
4976
5269
6830
9958
3236
4916
2427
5438
8450
6821
5288
8478
8937
3537
2406
2491
6175
8440
3323
8050
2399
6127
9935
8240
2377
3228
4545
2360
4772
3339
6206
1529
2305
5371
6120
4583
6113
8114
4160
6589
1589
2495
6609
6933
2375
3305
3122
5230
6233
3229
6679
1560
6223
2062
1608
3490
5211
5410
9105
3548
7728
6163
7714
2331
5452
3062
8227
3444
3211
2342
6283
1721
2367
2485
3227
3518
3529
6133
6143
6804
6863
8155
5353
5426
6405
4440
2380
6605
6953
4571
9955
3092
6913
8215
4513
6788
4956
6234
4569
5455
6246
6672
3041
5608
6168
8028
8409
9802
3373
1528
3374
6584
1568
4526
2233
6922
8069
6560
2014
2228
3661
1463
5328
9902
2302
1795
3232
6733
2483
3023
3024
3630
8289
9946
2401
6126
1339
2462
5464
6937
2405
6118
2059
4968
2227
4168
2344
3206
4121
6811
6155
3085
6674
4768
6573
6288
4576
6141
6768
6799
3308
5284
6829
6957
2482
1736
3685
8255
3317
5302
1449
5474
2332
6438
8107
4906
2489
3021
3437
5344
6274
6835
2317
3465
4577
1466
5450
3675
8499
4419
6226
3276
6144
2438
3520
4716
6104
8024
6903
6552
3217
6230
6651
2428
3019
3050
3322
1587
1539
3029
3152
3521
3533
5864
5301
3360
3372
6153
1503
2369
5234
6613
6715
6869
7712
9914
2431
2467
6585
6167
6895
2376
9921
3058
3483
2243
3593
6129
2458
3054
5493
5285
4108
6461
4113
3454
4943
6720
1605
3508
6751
2314
6185
6629
3607
1732
5215
8932
3516
6411
3567
6616
3577
3492
2493
2612
8938
6997
6988
6657
5481
6617
3489
3522
8071
6732
3714
2471
8924
3168
4743
5014
1809
1813
3467
8182
3628
2596
3287
2408
8940
6220
1593
6637
1541
6287
8271
3046
6591
5460
1337
2327
6228
3188
2453
3481
2477
8201
3622
3260
8021
3587
8011
2617
5315
3004
1527
1531
2432
3406
4530
8038
8081
3545
3018
1752
5220
8272
4720
8941
4714
6834
2340
3390
8039
3624
4552
8162
7703
3272
5603
2439
5272
6418
4905
1446
5009
2424
2537
4588
2702
8176
8066
2382
1414
2726
3652
5321
6761
1603
2478
2387
2032
6855
4557
4999
1760
1735
4430
5348
6875
8112
3176
6509
6506
1474
3259
5299
4967
4764
1445
2734
1456
1810
9962
2527
6569
2371
6496
3704
2409
3095
2722
3049
8092
2323
4528
8444
6661
9960
5015
6641
3672
4106
2611
9950
3002
2308
2509
9103
4102
7736
3550
3356
1309
2420
8464
6239
3357
3268
3086
4174
6161
6579
6949
6752
4755
2434
4529
6870
6588
2732
4995
2601
8097
6164
2348
9951
3679
8928
6680
4402
2466
8429
3609
5228
2355
3083
2442
8033
5432
3035
6121
1256
6654
5525
8437
6432
5274
6931
2030
1442
3226
2530
3523
4744
1513
6666
6210
6292
9919
5704
8163
6212
4541
4133
3114
5289
6577
1799
6697
8476
2337
6727
3664
5607
4771
5471
4972
6294
1611
1454
4171
4116
6776
4119
4414
6414
1905
2034
3532
6796
3713
8433
5223
2641
1452
2748
3526
2417
8076
1590
4804
5222
6196
6967
3042
5206
4939
2451
5398
8049
6770
8074
6216
4157
2028
6242
1440
1733
3090
2007
3149
2736
5905
8044
3402
6753
4953
1447
6902
2022
5519
2069
1762
5245
6417
2603
5475
6719
1583
5514
3147
8438
4987
6189
8930
2754
2038
7732
6582
1459
6186
2505
2017
2012
3556
2906
1781
4109
6176
1305
5292
4416
9924
3014
6541
6690
4560
6179
6763
3218
2883
2538
1451
4930
3631
2321
2441
2630
2065
4556
3491
1435
2923
3596
7556
1615
3209
8131
1796
1521
1438
2385
3321
1599
6603
6151
4420
9136
3501
6625
2430
2020
1325
8077
6279
8213
1436
6904
8234
5508
3131
1906
2488
2025
2459
1342
4551
4198
1616
4766
7709
6716
6846
2545
6865
4527
4568
2031
2745
1409
3150
6198
6547
4502
5533
2101
2913
6874
4432
6693
8935
6147
2230
2498
1718
1444
4707
4763
8432
1304
1565
2379
4737
6894
3716
6885
6598
9944
4938
6171
8423
6527
6593
6146
2395
6491
6955
3224
6170
5283
4192
6624
6844
6214
1455
6823
0051
3067
6767
0053
3313
4433
2064
3432
1308
3711
5512
9934
4974
5356
6409
5706
1537
2239
2751
6101
5213
2015
1338
6538
4162
6277
5347
2356
6548
0052
1468
1532
6692
1580
2516
6958
4554
4745
6615
3632
6525
4735
1530
1710
2383
6499
8416
1909
1471
2104
3010
6488
1708
1805
3416
2905
5521
3057
5434
8091
8477
6645
5209
6266
8279
8473
1904
5487
4550
6906
8349
6969
1417
3592
1709
3551
6486
6108
6154
6578
4523
6016
4175
1612
8488
5871
4609
1294
4142
2704
2514
8421
4958
6929
2888
6184
6762
4120
2642
1312
5227
1907
6140
8083
2330
6123
2607
6542
5310
4137
1789
3028
1506
6201
5278
4163
5016
6923
6165
6225
8016
2855
2010
2885
2033
6221
1313
2515
1626
1777
0056
3512
6192
8401
5312
8489
6248
6415
6754
0057
0050
6263
4161
1314
2867
8099
6741
1324
1538
8472
5515
6561
2731
2347
3026
6854
1713
1437
6785
1776
1316
1441
1535
8916
2511
4439
3705
6005
8410
2501
4406
2211
2454
3052
5007
6642
7715
2423
1584
4736
5210
1232
3702
4127
8403
2882
2939
2740
1434
3033
2924
6177
2547
8342
2393
5511
2024
2029
1108
6512
6712
2887
2114
4306
6590
8481
6195
6968
1717
5516
5906
3531
3056
6840
8415
2066
6264
1323
5324
5531
8093
7705
9942
3164
2597
6021
2643
5468
2006
3426
2915
6015
6843
3703
4942
2102
4532
2891
8341
2926
2618
5538
2610
2023
4911
6703
2013
1416
8463
1229
8462
7584
2063
2881
6574
4706
2520
2614
6259
6199
1773
2849
2536
3118
9941
9945
4933
4148
2948
1103
0061
9908
6887
1432
2115
6128
4107
6592
2762
2646
8931
8411
2106
6020
5478
2008
2103
2504
8367
1714
2542
2474
1268
5205
6505
3288
4123
2002
2539
9933
5522
1808
3034
1558
8454
1742
6771
9927
2221
6721
2816
4961
5520
1101
1525
5543
4183
1806
2105
6103
6026
2440
5489
1465
2108
5534
2941
3570
6951
5609
4754
8171
5902
8087
2890
2903
5701
6516
1726
2496
1419
4904
0054
0058
0059
1213
1225
1258
1262
1333
1413
1460
1507
1512
1566
1586
1592
1701
1724
1787
1902
2254
2358
2443
2448
2456
2468
2499
2534
2634
2645
2701
2706
2755
2823
2841
2928
2936
2945
2947
3045
3064
3089
3144
3191
3202
3332
3383
3452
3536
3562
3629
3642
3682
3698
4130
4141
4144
4152
4180
4304
4429
4538
4712
4725
4803
4944
4947
4949
5102
5259
5264
5281
5304
5305
5349
5383
5548
5601
5820
6131
6172
6222
6236
6238
6247
6251
6289
6404
6452
6457
6464
6469
6497
6508
6514
6581
6594
6856
6914
8048
8287
8354
8406
8418
8420
8427
8443
8480
8497
8913
8934
9110
9157
9188
9907
7708
4129
9925
1423
4131
1720
4994
2723
2910
1236
3611
6662
6794
4114
4535
0055
6596
1104
1783
6208
3171
3285
1722
9906
2908
1903
6873
2904
5703
1410
2705
1516
8067
1470
1321
6790
2206
2901
2450
8422
5287
8908
2753
9926
1201
1217
6111
6115
2752
1109
2633
2073
3388
5903
1418
4138
7713
7718
2897
4205
1110
9905
2480
1439
3555
4580
1504
2845
3266
6803
2414
5013
2884
2433
8936
6899
9917
6881
2729
9912
4305
4105
2107
2937
2506
1817
2548
1219
8917
8080
2231
6261
2916
1218
1402
3293
9940
6446
4139
1457
4960
2949
8284
9911
6024
1326
1788
9930
6240
8923
6606
1301
5201
2608
9931
1303
4207
4153
1604
2812
4711
1731
5403
6671
5381
4417
1341
3311
2707
2303
2027
1712
2880
2836
9937
4924
2412
4173
2727
2820
5604
6655
1235
6136
2889
5878
4154
4111
1472
4728
8435
2616
1220
2832
1233
2207
2247
9918
3252
2851
2208
2838
8222
2809
2404
2852
5523
6482
1702
4506
2801
4126
1102
6523
1707
1443
1730
1737
8487
2373
8926
5529
6472
3130
8446
6924
4572
1315
6728
1210
3684
8905
9943
1723
2535
6281
6747
6180
1227
1614
2543
9929
1319
6952
2035
6757
6023
5880
9949
6669
8424
6183
2640
1203
9928
3646
6691
1264
5345
2834
1734
6534
2546
1216
2540
4747
2850
2892
2109
1234
9939
4950
1215
2911
8436
4104
5212
1231
4767
5546
3115
5904
8927
2886
2912
8109
6465
1240
3419
1259
4806
2235
6169
6872
2756
3297
5251
8072
3546
5876
2067
3434
6148
4946